# not for demo
adj_mat = [[0, 1, 0, 0, 0, 0],
            [0, 0, 1, 0, 0, 0],
            [0, 0, 0, 1, 0, 0],
            [0, 0, 0, 0, 1, 0],
            [0, 0, 0, 0, 0, 1],
            [1, 0, 0, 0, 0, 0],]

# q4 from hw1; no assembly
adj_mat = [[1, 1, 0, 0, 0, 1, 0],
            [1, 1, 1, 1, 0, 0, 0],
            [0, 1, 1, 1, 0, 0, 0],
            [0, 1, 1, 1, 1, 1, 1],
            [0, 0, 0, 1, 1, 0, 0],
            [1, 0, 0, 1, 0, 1, 1],
            [0, 0, 0, 1, 0, 1, 1],]

# q3 from hw1; yes assembly
adj_mat = [[1, 1, 0, 1, 0, 1, 0],
           [1, 1, 1, 1, 0, 1, 0],
           [0, 1, 1, 0, 0, 1, 0],
           [1, 1, 0, 1, 1, 0, 0],
           [0, 0, 0, 1, 1, 0, 0],
           [1, 1, 1, 0, 0, 1, 1],
           [0, 0, 0, 0, 0, 1, 1],]